METRICS REPORT
Generated at epoch: 1778342703
total_logs: 200
noise_suppression_ratio: 0.22
critical_logs_total: 56
critical_miss_rate: 0.4107142857142857
anomaly_precision: 0.08
anomaly_recall: 0.07692307692307693
anomaly_f1: 0.0784313725490196
anomaly_precision_sklearn: 0.08
anomaly_recall_sklearn: 0.07692307692307693